  -99.0000
  -99.0000
    3.7640
  -99.0000
    1.4689
  -99.0000
    7.8567
  -99.0000
   29.9722
    3.2660
   11.5856
  -99.0000
  -99.0000
  -99.0000
  -99.0000
  -99.0000
  -99.0000
    1.2856
  -99.0000
  -99.0000
    2.0156
  -99.0000
    1.1600
  -99.0000
    3.6257
    1.9950
    1.6550
  -99.0000
    8.6356
   10.1922
  -99.0000
    0.9000
  -99.0000
    5.8511
  -99.0000
    6.1389
   28.2167
  -99.0000
  -99.0000
  -99.0000
  -99.0000
  -99.0000
  -99.0000
  -99.0000
  -99.0000
  -99.0000
  -99.0000
    1.1400
  -99.0000
    3.7189
  -99.0000
    0.6933
  -99.0000
  -99.0000
    3.9811
  -99.0000
  -99.0000
  -99.0000
  -99.0000
  -99.0000
    2.9133
    5.1400
  -99.0000
  -99.0000
  -99.0000
  -99.0000
    3.7912
    2.3820
  -99.0000
  -99.0000
    1.6478
  -99.0000
  -99.0000
   10.7567
  -99.0000
  -99.0000
  -99.0000
    1.4975
  -99.0000
    5.4000
  -99.0000
  -99.0000
    7.8587
  -99.0000
   14.0600
  -99.0000
  -99.0000
  -99.0000
  -99.0000
   29.9900
  -99.0000
  -99.0000
   11.1643
    2.9300
  -99.0000
  -99.0000
  -99.0000
    2.6600
    1.6956
  -99.0000
   10.8433
  -99.0000
  -99.0000
  -99.0000
    1.7280
  -99.0000
  -99.0000
    4.6800
  -99.0000
  -99.0000
  -99.0000
  -99.0000
  -99.0000
    3.7844
    3.1833
    4.9200
    2.3267
  -99.0000
  -99.0000
  -99.0000
    3.5200
    5.7987
    9.9644
  -99.0000
   24.8150
    4.7333
  -99.0000
   20.4922
  -99.0000
   13.3733
    1.4175
   70.6156
    2.7544
  -99.0000
   31.4456
  -99.0000
   16.1778
   37.7589
  -99.0000
    3.4200
    3.6243
   22.7383
  -99.0000
   16.2875
  -99.0000
    4.9229
    2.6200
  -99.0000
  -99.0000
  -99.0000
  -99.0000
  -99.0000
  -99.0000
  -99.0000
  -99.0000
  -99.0000
   80.0300
    9.8000
  -99.0000
  -99.0000
  -99.0000
   15.4833
    8.2944
    4.0225
   11.1600
  -99.0000
   17.6022
  -99.0000
    3.2100
    2.1267
  -99.0000
   15.7500
    5.9887
    2.6786
  -99.0000
   25.4983
  -99.0000
  -99.0000
    6.6467
  -99.0000
  -99.0000
   27.4678
    7.9300
  -99.0000
    6.8789
  -99.0000
    2.3520
    2.7825
    2.2350
  -99.0000
  -99.0000
    4.0100
  -99.0000
    9.3144
    5.1362
    9.8522
    8.7500
    7.4400
  -99.0000
  -99.0000
    2.4311
   32.4400
  -99.0000
    5.0143
   21.6933
  -99.0000
  -99.0000
  -99.0000
  -99.0000
  -99.0000
  -99.0000
    2.2550
    6.0867
    1.4333
   67.3622
  -99.0000
    6.2512
   15.1944
  103.8329
    7.1933
    7.3411
    4.1500
  -99.0000
   14.6756
  -99.0000
  -99.0000
  -99.0000
    5.9340
  -99.0000
    2.0120
  -99.0000
  -99.0000
   43.6856
    4.8300
   10.9811
   10.1700
    4.5989
    7.2989
  -99.0000
  -99.0000
  -99.0000
   26.3900
    3.4129
    3.0562
    6.1250
    4.6300
    1.6414
  -99.0000
  -99.0000
    5.5900
   15.2900
   36.3767
    5.0767
    4.4733
  -99.0000
    2.8867
  -99.0000
   27.7367
   11.8833
    5.8444
    6.6400
  -99.0000
    7.6478
  -99.0000
   37.3222
    3.8460
    4.9667
   11.9744
    2.8022
    4.2837
  -99.0000
    8.5778
  -99.0000
    5.2867
    5.3756
   11.2211
    2.0533
  -99.0000
    7.3100
  -99.0000
    5.0311
    3.7000
    4.2933
    5.5350
    4.4367
  -99.0000
  -99.0000
  -99.0000
  -99.0000
    1.6960
    4.8722
    1.8186
    2.1256
  -99.0000
    7.5678
  -99.0000
   34.8233
   21.1867
   97.6022
   26.7644
   10.3978
    1.6580
  -99.0000
   12.2789
  -99.0000
    2.5089
  -99.0000
    6.0367
    1.9250
  -99.0000
    3.3978
  -99.0000
   38.1656
    8.7583
  -99.0000
    1.4222
   58.5417
    0.7100
  -99.0000
   16.5044
  -99.0000
  -99.0000
    1.8789
    3.6700
    2.4533
  -99.0000
    1.1350
  -99.0000
    3.2243
    2.5333
    3.7556
    3.5712
    0.7933
    1.7325
  -99.0000
   13.6800
  -99.0000
    3.9622
  -99.0000
    3.8200
    1.6650
  -99.0000
    3.0944
  -99.0000
    7.4550
    4.5300
   18.9678
    8.9533
    7.2656
   22.5189
  -99.0000
    5.1778
  -99.0000
  -99.0000
  -99.0000
  -99.0000
    3.0329
  -99.0000
  -99.0000
  -99.0000
   18.9233
    3.4089
   46.0133
    6.1900
    4.2500
