   12.4111
   14.2122
   12.4033
    3.5700
    3.2478
  -99.0000
   87.1467
  -99.0000
   10.3267
   85.9143
    5.2144
    3.7311
  -99.0000
    6.7900
  -99.0000
   20.8383
    3.6180
  -99.0000
    1.9167
    3.6878
    9.3589
  -99.0000
    4.7611
  -99.0000
    4.5056
   28.2622
   12.4480
   16.0900
   12.3989
    5.9400
  -99.0000
    2.1800
  -99.0000
   13.2067
    8.3989
   12.5767
   12.5089
  -99.0000
    6.4914
  -99.0000
    8.9744
   10.0322
    6.8244
   46.0033
   11.5400
    8.8000
  -99.0000
    6.9967
  -99.0000
    6.8133
    9.7989
    3.5311
   29.7225
  -99.0000
    8.2856
  -99.0000
    2.9778
    8.2025
    1.9875
    6.5967
    2.4433
    6.7833
  -99.0000
    6.5000
   19.6989
    6.2022
    3.4989
   14.2814
    6.3700
  -99.0000
    9.6600
  -99.0000
   14.6389
    6.9189
    5.4525
    7.7100
  -99.0000
    5.8944
  -99.0000
    5.1750
  -99.0000
    4.4944
    7.0522
    1.5611
    5.7167
  -99.0000
    4.1822
  -99.0000
   15.4887
   17.1467
    9.3371
   25.9122
    9.7644
    4.1929
  -99.0000
    8.4878
   15.5533
    3.8678
    7.8578
    6.7244
   27.8200
  -99.0000
    7.2557
  -99.0000
    3.6778
    2.1500
  -99.0000
    6.9044
  -99.0000
  -99.0000
  -99.0000
    4.6812
   82.0133
    3.2322
   12.1633
    9.6989
    9.6378
  -99.0000
   18.1078
  -99.0000
    9.0322
    4.1500
   12.7367
  -99.0000
  -99.0000
  -99.0000
  -99.0000
    4.3356
    1.0125
    3.4643
    1.8078
    1.5700
    4.9400
  -99.0000
   56.8500
  -99.0000
    3.0720
    2.6633
    3.0500
   10.8167
    0.6000
   11.1889
  -99.0000
    2.8367
   51.6622
   10.3112
   13.5978
    7.1144
  -99.0000
  -99.0000
   15.2878
  -99.0000
    4.9178
    1.0867
    2.7411
    3.6378
   12.0875
    3.7783
  -99.0000
    3.2178
  -99.0000
    4.0567
   25.3400
   14.5456
   14.4478
  -99.0000
    6.7378
  -99.0000
    3.7400
    3.0922
    1.3600
    3.1211
  -99.0000
  -99.0000
  -99.0000
    5.6000
    4.0589
  -99.0000
    3.3389
    3.3233
  -99.0000
  -99.0000
    3.7400
  -99.0000
    9.3511
    4.9856
    2.2456
    8.1020
    3.5450
    6.0812
  -99.0000
    3.8822
    1.1367
    3.3600
    4.1078
    1.7914
    2.5525
  -99.0000
    6.0587
  -99.0000
    1.5000
    4.8989
    4.3433
    8.0462
  -99.0000
  -99.0000
  -99.0000
    8.4611
   24.4689
    4.0440
   64.8156
   11.1350
    9.2689
  -99.0000
   13.3678
  -99.0000
    7.0456
  106.2033
   33.7956
    7.2789
    4.6333
    3.3533
  -99.0000
   28.9511
    2.2350
    2.5511
    5.6878
    6.1922
    5.0887
  -99.0000
  -99.0000
  -99.0000
    5.9156
    7.9900
    2.5789
    9.8400
   15.9222
   67.7511
  -99.0000
    8.2244
    3.1729
    1.3014
    1.6180
    3.2217
    4.3267
  -99.0000
    3.2800
  -99.0000
    5.8550
    7.6300
    6.8467
   26.7922
    4.7322
    3.6700
  -99.0000
    4.4789
    5.9900
   38.7833
   97.3333
   10.8589
    8.0600
  -99.0000
   14.2289
  -99.0000
    6.0820
    4.9633
   10.2887
    6.6300
    1.6950
    6.3544
  -99.0000
    6.1567
   41.6000
    5.4456
    2.4911
    7.3422
    4.5433
  -99.0000
  122.7622
  -99.0000
    3.7167
  -99.0000
  -99.0000
    3.4433
  -99.0000
    4.1811
  -99.0000
  -99.0000
    3.0989
    2.9678
    6.3733
    1.7478
    4.3356
  -99.0000
    4.7650
  -99.0000
   10.3267
    6.5144
  -99.0000
    6.1522
    4.5300
   21.4467
  -99.0000
    8.8489
   61.8989
    4.4800
    3.9056
    6.7178
    3.4029
  -99.0000
   14.8733
  -99.0000
    4.0722
    4.8650
   53.8189
    2.5429
    3.8500
    3.2522
  -99.0000
   21.0700
    6.9411
    3.3922
   61.4889
    3.1978
    3.3422
  -99.0000
    2.2943
  -99.0000
    5.3767
   14.7389
    2.0280
    2.4400
    3.0025
    4.8314
  -99.0000
    3.7044
   62.2912
    2.2600
   89.8000
    5.6850
    3.5633
  -99.0000
    6.1767
  -99.0000
   28.8478
  131.5000
   38.1311
    6.2311
   13.5867
   15.9389
  -99.0000
    9.0867
   16.2787
    1.3933
    1.9275
    3.7850
    7.4900
  -99.0000
   21.8156
  -99.0000
    5.4078
    6.3825
    8.3778
    2.2900
   11.5175